NAME	= Topographic Position Index
DESCRIPTION	= 
UNIT	= 
DATAFORMAT	= FLOAT
DATAFILE_OFFSET	= 0
BYTEORDER_BIG	= FALSE
TOPTOBOTTOM	= FALSE
POSITION_XMIN	= -506989.1436944228
POSITION_YMIN	= -543231.6860166118
CELLCOUNT_X	= 1013
CELLCOUNT_Y	= 2271
CELLSIZE	= 100.0000000000
Z_FACTOR	= 1.000000
Z_OFFSET	= 0.000000
NODATA_VALUE	= -99999.000000
